[146 196 19 14]
[641 817 27 28]
[604 922 11 17]
[323 671 19 17]
[885 701 18 27]
[636 818 18 14]
[165 289 22 12]
[431 568 16 23]
[490 861 24 25]
[529 203 10 21]
[594 338 18 26]
[772 19 27 28]
[507 629 23 26]
[257 387 29 19]
[21 553 10 13]
[979 609 10 19]
[227 159 13 23]
[588 359 22 15]
[466 456 10 18]
[659 166 25 16]
[519 590 14 12]
[125 80 21 18]
[915 145 21 14]
[245 510 25 23]
[247 662 26 20]
[549 725 22 12]
[353 258 16 29]
[485 172 28 10]
[308 562 17 17]
[586 318 11 12]
[890 928 20 13]
[614 596 29 20]
[468 147 15 23]
[806 441 18 24]
[416 517 26 26]
[98 622 16 29]
[929 411 22 25]
[935 464 27 21]
[26 452 12 15]
[595 454 15 21]
[23 677 14 11]
[762 918 13 16]
[311 886 13 29]
[585 653 22 10]
[604 108 15 13]
[344 46 13 11]
[290 285 25 24]
[332 616 23 20]
[568 363 20 15]
[643 370 18 16]
[352 554 14 25]
[489 37 26 23]
[155 714 19 15]
[421 219 23 19]
[818 194 18 13]
[75 592 29 29]
[225 963 26 24]
[598 699 27 19]
[21 575 10 10]
[247 676 28 26]
[966 376 11 10]
[280 310 12 13]
[771 215 29 18]
[857 95 16 17]
[696 567 16 14]
[804 322 15 24]
[272 396 12 29]
[613 606 22 10]
[848 938 22 27]
[300 643 12 23]
[756 61 27 25]
[386 231 25 17]
[559 105 19 29]
[597 109 28 12]
[397 138 16 10]
[37 691 10 23]
[17 702 21 18]
[738 82 17 10]
[516 200 23 14]
[34 48 15 16]
[555 322 11 22]
[84 648 28 15]
[549 744 13 13]
[147 344 22 12]
[378 215 28 18]
[726 620 16 18]
[800 599 15 20]
[128 858 23 28]
[31 271 10 28]
[671 75 28 18]
[279 425 19 21]
[145 76 10 13]
[419 600 27 28]
[69 400 25 20]
[580 309 21 22]
[933 544 28 18]
[854 524 22 15]
[668 574 16 25]
[322 416 21 21]
[371 716 23 20]
[639 429 11 26]
[561 698 12 15]
[222 344 12 23]
[929 671 21 11]
[901 233 24 19]
[135 238 15 29]
[727 794 16 23]
[700 103 15 18]
[375 762 21 14]
[514 666 20 10]
[465 148 14 17]
[388 181 24 18]
[457 310 13 13]
[83 142 17 26]
[442 271 23 23]
[30 551 15 10]
[477 420 16 26]
[853 534 11 25]
[612 692 29 25]
[322 557 10 15]
[119 759 11 10]
[469 281 25 13]
[232 458 24 14]
[887 251 19 14]
[270 398 12 20]
[906 657 18 13]
[300 54 16 16]
[87 498 19 28]
[113 617 29 19]
[501 636 21 12]
[110 505 23 17]
[156 262 16 28]
[30 879 25 20]
[966 232 14 23]
[785 913 14 19]
[558 202 26 11]
[963 444 14 10]
[531 537 16 28]
[421 323 25 23]
[73 105 29 14]
[979 617 14 18]
[7 559 15 29]
[852 404 14 19]
[638 95 10 14]
[290 486 12 27]
[589 818 24 23]
[245 844 13 13]
[64 663 12 18]
[439 459 27 26]
[962 777 15 14]
[243 560 13 28]
[85 813 26 10]
[85 808 14 16]
[579 284 11 20]
[832 703 21 23]
[299 578 26 28]
[194 539 25 25]
[634 576 15 16]
[790 688 10 21]
[507 247 28 26]
[181 278 10 18]
[756 815 26 12]
[533 450 19 23]
[905 643 26 12]
[497 161 14 18]
[406 168 24 22]
[727 120 20 10]
[800 555 14 22]
[277 399 13 13]
[928 426 29 13]
[927 961 16 21]
[348 499 16 11]
[561 927 10 17]
[701 671 19 12]
[56 339 18 13]
[929 761 16 24]
[367 228 4 4]
[451 919 16 13]
[41 885 10 12]
[687 59 23 13]
[285 377 16 20]
[818 801 14 18]
[255 641 25 25]
[474 672 20 18]
[283 401 3 8]
[781 19 12 12]
[482 965 28 28]
[941 472 17 26]
[770 57 19 20]
[296 151 12 25]
[0 328 17 18]
[247 462 15 23]
[582 602 24 27]
[24 715 23 24]
[901 178 11 16]
[482 533 16 20]
[404 184 15 13]
[50 915 21 20]
[136 449 25 16]
[491 975 15 10]
[737 451 19 29]
[192 46 21 15]
[562 316 18 22]
[326 586 15 16]
[448 117 16 20]
[634 875 17 28]
[716 737 24 19]
[907 711 24 14]
[745 361 22 21]
[254 644 6 9]
[342 931 25 18]
[234 169 13 16]
[134 905 20 12]
[735 577 17 10]
[953 804 23 19]
[969 630 23 25]
[681 443 11 11]
[338 296 13 24]
[780 699 17 28]
[721 598 23 23]
[426 135 23 20]
[367 526 19 29]
[626 893 24 14]
[446 268 21 19]
[470 108 22 21]
[977 7 13 25]
[835 111 29 26]
[196 682 20 18]
[101 717 28 17]
[284 40 11 10]
[454 521 22 12]
[642 889 24 26]
[49 378 22 17]
[474 15 11 14]
[292 921 22 10]
[747 868 21 19]
[759 202 23 25]
[647 580 14 15]
[664 68 28 12]
[693 240 11 29]
[897 678 24 14]
[456 510 23 16]
[173 780 20 20]
[409 480 28 19]
[10 294 10 11]
[250 253 15 25]
[613 82 28 28]
[660 431 22 15]
[825 116 28 25]
[938 705 11 14]
[663 480 28 23]
[360 133 18 26]
[437 122 20 23]
[702 186 29 12]
[61 618 26 28]
[696 614 11 13]
[12 509 11 15]
[210 968 13 29]
[471 544 18 14]
[786 514 19 12]
[824 188 17 27]
[959 328 29 28]
[741 723 23 19]
[55 488 25 11]
[669 239 27 28]
[622 488 23 23]
[161 94 13 20]
[920 184 26 17]
[560 109 21 15]
[265 816 25 14]
[404 128 23 22]
[26 698 22 24]
[973 708 15 25]
[53 236 24 22]
[966 982 21 17]
[869 534 22 12]
[7 695 22 22]
[460 464 17 15]
[692 102 28 12]
[714 598 11 23]
[281 717 16 24]
[944 238 11 20]
[653 608 11 16]
[898 584 29 18]
[900 320 12 27]
[14 2 19 21]
[778 915 24 13]
[50 894 20 22]
[754 340 19 11]
[928 951 17 23]
[773 969 7 13]
[916 437 19 24]
[494 287 29 22]
[498 30 19 23]
[50 75 27 20]
[740 348 20 21]
[33 81 17 24]
[848 94 10 23]
[404 310 23 29]
[517 578 19 21]
[218 935 24 17]
[831 575 17 24]
[124 915 27 23]
[871 785 15 21]
[580 125 23 19]
[241 193 28 16]
[871 777 12 22]
[781 32 28 10]
[533 80 17 27]
[255 330 24 20]
[771 967 17 18]
[356 648 11 26]
[626 839 23 10]
[335 414 12 14]
[143 713 29 26]
[53 422 21 14]
[64 27 11 29]
[74 708 28 20]
[790 7 16 24]
[347 733 29 27]
[732 784 16 24]
[4 662 28 16]
[715 610 15 22]
[868 225 17 19]
[722 357 15 14]
[60 107 20 24]
[513 68 29 28]
[447 664 24 23]
[194 177 19 26]
[95 759 19 10]
[781 646 20 21]
[36 350 22 17]
[953 956 14 22]
[599 658 25 24]
[108 766 11 17]
[776 37 15 24]
[272 392 22 29]
[70 698 25 17]
[817 614 12 22]
[834 588 12 27]
[248 531 24 13]
[290 556 28 24]
[358 408 27 13]
[325 375 27 20]
[408 463 12 24]
[823 113 14 20]
[874 327 29 10]
[513 334 23 28]
[864 784 29 27]
[355 767 21 11]
[878 882 16 11]
[608 439 19 26]
[672 356 26 26]
[173 255 26 25]
[433 141 24 20]
[652 765 17 23]
[327 506 16 24]
[967 231 16 29]
[70 770 28 12]
[545 44 10 23]
[350 386 20 27]
[538 653 22 21]
[592 936 18 17]
[847 817 23 22]
[725 750 20 25]
[151 695 29 26]
[742 41 26 14]
[481 865 26 20]
[520 189 26 10]
[487 394 16 17]
[220 156 12 22]
[880 885 26 28]
[727 483 13 14]
[608 360 11 16]
[750 620 29 14]
[697 955 20 16]
[239 347 16 26]
[803 205 15 22]
[60 287 24 17]
[73 626 15 22]
[919 704 12 28]
[660 734 16 22]
[741 259 27 29]
[519 458 19 15]
[269 283 27 12]
[583 714 18 12]
[84 663 16 10]
[351 225 26 13]
[549 729 20 13]
[9 454 16 12]
[959 646 11 24]
[531 979 20 18]
[80 134 20 3]
[894 906 15 26]
[19 174 29 11]
[46 585 12 17]
[206 818 10 25]
[796 705 26 14]
[544 362 15 18]
[544 78 12 29]
[307 826 18 20]
[911 549 23 18]
[608 528 14 28]
[315 729 24 24]
[654 207 27 11]
[922 20 14 13]
[959 331 13 21]
[635 553 27 25]
[943 476 25 22]
[831 103 27 27]
[821 951 14 28]
[685 320 16 13]
[1 596 10 21]
[878 279 19 19]
[584 621 21 14]
[922 937 17 17]
[343 750 26 21]
[805 24 20 15]
[719 852 15 13]
[606 430 17 23]
[726 355 20 22]
[779 895 10 22]
[652 729 18 19]
[106 867 24 22]
[17 520 11 11]
[145 374 28 12]
[129 294 16 16]
[586 813 13 17]
[194 535 10 24]
[836 175 17 15]
[184 785 29 10]
[926 6 26 19]
[606 348 15 20]
[169 151 17 19]
[104 100 13 29]
[13 282 15 20]
[664 724 11 29]
[822 484 13 11]
[938 274 28 18]
[134 845 19 16]
[517 445 19 26]
[622 646 12 26]
[504 360 26 25]
[492 429 21 10]
[122 726 10 12]
[198 558 11 11]
[712 213 12 19]
[830 590 16 14]
[607 380 13 16]
[56 925 25 20]
[459 135 14 21]
[850 330 23 28]
[854 149 19 14]
[881 538 13 27]
[328 99 23 20]
[246 243 13 20]
[655 372 10 29]
[493 733 27 23]
[12 969 28 16]
[57 763 16 15]
[46 965 17 14]
[768 946 13 20]
[0 874 23 14]
[218 950 18 15]
[341 623 20 15]
[911 94 10 17]
[485 376 26 24]
[977 640 10 8]
[971 848 10 11]
[889 214 15 17]
[206 337 14 12]
[4 450 25 29]
[21 288 12 18]
[959 1 25 10]
[113 905 17 25]
[325 830 17 12]
[973 142 26 27]
[330 599 10 25]
[840 838 28 23]
[489 682 28 12]
[567 199 23 12]
[504 278 29 13]
[816 171 17 25]
[98 509 13 21]
[664 352 20 18]
[313 922 28 16]
[756 923 16 19]
[238 90 29 14]
[428 164 14 13]
[213 951 16 24]
[796 516 12 17]
[954 611 26 17]
[356 653 20 12]
[863 236 15 12]
[772 23 26 16]
[4 870 14 29]
[457 679 28 12]
[94 298 27 23]
[388 801 22 22]
[226 73 29 23]
[417 914 29 17]
[89 601 28 14]
[881 222 13 19]
[281 448 18 23]
[157 111 25 10]
[719 452 13 28]
[823 893 27 23]
[294 426 14 10]
[166 804 21 12]
[829 366 24 23]
[124 757 17 12]
[654 768 10 15]
[900 25 11 24]
[518 201 19 15]
[172 486 13 27]
[292 54 22 12]
[706 554 22 16]
[785 653 19 10]
[815 597 14 24]
[682 622 29 26]
[145 434 12 24]
[778 898 22 25]
[667 191 10 15]
[195 697 27 17]
[297 615 4 14]
[792 582 26 19]
[306 483 13 20]
[108 835 28 11]
[143 190 26 25]
[866 794 11 17]
[405 71 20 26]
[511 229 28 29]
[746 288 28 25]
[525 194 13 14]
[412 459 15 18]
[43 977 13 18]
[169 896 9 9]
[8 706 13 25]
[66 154 8 10]
[59 380 27 22]
[961 973 17 20]
[820 448 21 16]
[871 887 14 13]
[867 352 24 14]
[871 210 10 23]
[232 550 28 13]
[47 162 24 20]
[887 346 29 25]
[884 23 21 13]
[138 61 24 11]
[236 323 22 16]
[156 248 17 24]
[541 716 27 13]
[479 136 11 24]
[887 527 20 23]
[265 338 27 25]
[198 911 24 20]
[763 640 24 28]
[463 827 13 25]
[909 445 11 29]
[744 854 17 23]
[959 637 12 24]
[288 310 14 22]
[836 16 28 22]
[120 234 28 24]
[935 441 19 13]
[421 529 26 24]
[392 812 23 18]
[765 872 27 25]
[902 523 25 18]
[494 751 10 26]
[15 838 29 14]
[159 752 19 28]
[941 756 15 24]
[916 524 11 25]
[350 56 15 20]
[487 156 20 19]
[269 597 20 11]
[525 559 18 26]
[107 610 20 14]
[64 909 20 27]
[410 681 19 25]
[126 171 11 18]
[206 158 20 25]
[338 926 22 28]
[662 78 22 16]
[229 215 28 28]
[919 720 11 12]
[793 881 17 22]
[762 806 27 17]
[0 587 19 15]
[456 83 15 11]
[299 165 25 27]
[209 610 19 11]
[8 520 15 27]
[91 698 14 22]
[229 950 16 25]
[414 465 19 21]
[355 519 25 29]
[331 725 11 23]
[783 961 21 10]
[681 921 19 24]
[697 306 17 16]
[807 316 10 25]
[957 155 27 25]
[748 750 12 19]
[374 209 16 11]
[290 708 29 17]
[591 775 12 20]
[374 625 21 21]
[110 200 19 23]
[925 299 24 19]
[935 826 28 21]
[164 481 27 20]
[535 282 14 7]
[867 189 24 26]
[700 876 20 16]
[465 33 18 15]
[672 258 10 21]
[666 548 16 15]
[830 141 12 23]
[985 246 11 29]
[494 971 27 22]
[666 921 19 14]
[254 374 26 17]
[141 708 14 19]
[685 830 12 11]
[53 922 21 29]
[192 553 26 28]
[367 153 29 20]
[742 937 21 14]
[123 661 14 22]
[723 295 27 19]
[49 682 29 24]
[556 718 28 22]
[281 533 12 13]
[943 310 19 20]
[837 394 20 11]
[297 41 11 24]
[585 722 17 29]
[7 841 15 13]
[92 710 27 27]
[54 22 17 23]
[952 785 17 16]
[32 975 22 14]
[974 680 3 8]
[605 709 13 18]
[805 629 28 28]
[517 313 15 16]
[528 330 19 21]
[547 51 22 14]
[807 787 21 24]
[773 592 20 24]
[1 97 26 23]
[353 53 16 14]
[441 578 15 10]
[36 677 13 18]
[782 61 13 10]
[648 88 12 13]
[3 413 26 16]
[280 979 21 21]
[234 860 16 18]
[568 961 17 19]
[740 437 28 23]
[545 85 19 25]
[295 612 10 21]
[657 218 26 10]
[161 154 26 22]
[11 945 13 12]
[185 528 28 14]
[746 943 14 28]
[321 950 19 12]
[689 30 14 11]
[934 241 15 24]
[309 401 10 18]
[956 49 26 21]
[895 82 11 27]
[557 138 25 10]
[950 841 26 16]
[761 462 14 20]
[657 162 12 14]
[762 346 20 12]
[168 247 14 18]
[288 464 15 15]
[38 642 12 23]
[683 229 25 17]
[527 441 23 21]
[136 878 16 15]
[929 430 18 24]
[435 575 29 26]
[705 385 21 23]
[204 319 21 29]
[331 394 14 29]
[377 625 16 12]
[105 286 27 14]
[253 276 24 24]
[773 811 22 26]
[112 417 12 21]
[666 593 21 19]
[817 366 10 13]
[90 733 24 29]
[538 209 10 15]
[860 522 27 20]
[31 503 28 14]
[219 350 27 24]
[335 726 18 21]
[42 589 13 12]
[937 601 23 23]
[868 846 18 16]
[487 765 13 20]
[637 887 19 12]
[773 53 14 12]
[179 908 22 25]
[29 657 14 18]
[670 79 18 28]
[15 517 15 22]
[254 192 20 22]
[771 419 18 18]
[92 110 20 24]
[950 348 24 13]
[439 232 19 29]
[506 964 10 16]
[493 675 29 28]
[736 579 15 14]
[511 301 17 13]
[198 956 11 15]
[365 505 15 14]
[252 335 15 23]
[499 35 15 12]
[568 402 27 16]
[792 21 18 12]
[272 672 12 26]
[205 984 14 12]
[187 51 17 25]
[598 450 21 24]
[36 865 19 27]
[944 650 24 13]
[594 120 21 22]
[878 630 26 13]
[657 370 12 12]
[456 437 14 25]
[337 631 19 27]
[874 665 14 13]
[367 372 27 24]
[906 711 27 20]
[124 418 27 20]
[581 281 27 27]
[152 695 14 28]
[920 533 21 15]
[630 50 11 16]
[679 277 29 21]
[970 763 22 18]
[368 367 28 22]
[851 844 15 22]
[342 42 25 20]
[252 284 11 11]
[509 656 22 24]
[976 838 22 16]
[46 408 28 19]
[446 37 10 29]
[649 894 20 23]
[857 136 20 19]
[475 297 24 25]
[78 132 25 10]
[244 868 10 13]
[869 202 12 11]
[471 669 23 10]
[665 166 18 29]
[65 248 28 22]
[470 265 14 21]
[734 62 26 12]
[360 766 29 26]
[759 457 27 15]
[700 650 24 15]
[666 363 13 12]
[755 24 14 16]
[777 614 28 10]
[176 589 25 19]
[934 671 13 29]
[291 49 12 15]
[934 36 27 19]
[74 471 17 10]
[949 478 5 13]
[798 458 28 27]
[203 970 22 11]
[948 418 28 27]
[230 520 22 11]
[80 642 10 10]
[840 910 18 28]
[742 544 17 10]
[685 303 13 23]
[968 702 15 27]
[93 188 21 12]
[333 602 20 20]
[519 574 28 22]
[6 405 14 19]
[279 438 13 16]
[973 846 12 29]
[325 718 22 18]
[325 949 14 10]
[645 374 19 15]
[763 332 25 15]
[720 452 27 26]
[815 717 21 28]
[755 3 13 26]
[487 678 29 24]
[127 501 22 24]
[735 123 16 20]
[245 924 10 20]
[92 566 26 17]
[274 692 15 17]
[249 469 27 16]
[61 152 23 17]
[299 827 27 21]
[76 191 26 12]
[673 447 19 27]
[312 131 12 15]
[143 235 17 27]
[57 258 23 11]
[357 405 14 20]
[858 751 16 15]
[978 870 11 20]
[916 221 21 20]
[467 6 29 14]
[757 946 17 24]
[604 100 21 27]
[734 112 16 24]
[816 365 14 10]
[303 800 16 27]
[453 144 16 19]
[782 955 10 18]
[442 658 14 18]
[804 427 21 27]
[328 450 10 20]
[728 48 23 18]
[683 625 20 27]
[598 129 15 25]
[191 59 6 8]
[532 153 11 19]
[637 837 11 14]
[746 290 11 23]
[856 11 22 13]
[617 53 16 23]
[76 241 16 16]
[582 723 18 13]
[848 841 29 20]
[20 458 16 22]
[663 194 15 16]
[573 115 25 14]
[742 278 22 19]
[218 326 24 24]
[319 375 27 10]
[694 531 28 12]
[210 371 13 25]
[539 244 16 16]
[912 538 22 14]
[3 321 26 16]
[540 143 28 25]
[857 523 23 26]
[533 280 22 12]
[344 824 8 9]
[922 957 28 20]
[649 451 27 28]
[287 498 22 12]
[106 613 26 11]
[815 614 10 13]
[548 961 15 27]
[872 343 24 18]
[72 374 12 28]
[634 588 11 21]
[744 866 19 10]
[84 466 11 28]
[655 185 17 14]
[311 124 15 10]
[814 190 12 15]
[885 660 17 14]
[750 580 12 29]
[211 306 4 4]
[137 60 18 29]
[433 934 14 15]
[757 343 18 18]
[847 839 23 11]
[3 943 22 22]
[847 750 15 18]
[167 894 18 16]
[909 872 13 15]
[747 534 27 12]
[961 5 22 10]
[919 651 24 10]
[925 714 18 11]
[51 468 18 24]
[242 471 24 21]
[590 324 12 24]
[46 300 20 18]
[658 467 19 22]
[769 397 18 15]
[100 511 16 24]
[633 49 24 15]
[752 621 12 19]
[380 362 16 12]
[746 586 19 18]
[236 138 27 16]
[958 875 22 25]
[366 753 12 23]
[916 876 13 23]
[214 565 24 17]
[45 30 23 27]
[390 947 24 15]
[933 270 10 10]
[125 833 26 21]
[104 186 18 10]
[576 66 23 26]
[798 9 4 19]
[406 817 16 11]
[893 341 29 20]
[62 652 26 17]
[666 807 29 29]
[757 760 23 12]
[584 359 16 22]
[68 927 10 14]
[939 417 27 28]
[60 510 16 24]
[472 114 25 15]
[497 502 21 25]
[933 958 22 23]
[212 631 28 21]
[781 299 12 28]
[304 51 26 18]
[411 819 6 3]
[341 760 17 14]
[73 242 26 29]
[350 574 17 11]
[320 373 22 28]
[932 814 29 21]
[692 679 21 13]
[670 431 16 16]
[448 905 22 16]
[68 235 22 17]
[282 524 12 19]
[268 692 10 22]
[612 72 10 25]
[476 47 27 20]
[387 78 13 27]
[337 910 25 16]
[322 504 10 21]
[96 828 20 11]
[245 942 16 28]
[433 283 11 25]
[926 639 22 19]
[277 494 27 27]
[875 882 18 22]
[173 237 11 25]
[974 216 23 26]
[648 574 12 24]
[91 189 16 13]
[175 598 24 17]
[221 238 13 11]
[685 40 27 15]
[736 40 29 21]
[973 829 13 25]
[826 364 29 11]
[270 379 10 22]
[277 302 24 21]
[721 333 28 16]
[272 740 16 12]
[209 304 11 12]
[546 653 22 18]
[306 636 14 29]
[925 705 15 29]
[121 594 21 22]
[313 455 18 26]
[64 630 12 25]
[909 169 21 16]
[843 60 20 10]
[754 541 22 13]
[877 875 15 11]
[502 560 19 22]
[717 201 18 17]
[873 743 27 21]
[798 564 16 10]
[597 614 16 18]
[421 4 27 21]
[401 146 10 11]
[338 282 27 19]
[206 607 12 19]
[867 355 11 15]
[947 380 29 24]
[200 773 17 14]
[494 277 20 13]
[47 349 18 13]
[790 613 10 13]
[292 484 29 15]
[177 756 29 23]
[115 93 15 17]
[597 66 10 24]
[234 529 29 12]
[494 488 12 25]
[668 90 11 20]
[824 963 26 14]
[101 714 18 19]
[32 661 18 20]
[311 667 22 17]
[362 276 19 15]
[25 815 15 25]
[234 309 23 15]
[632 54 11 14]
[960 967 20 23]
[386 711 18 10]
[391 82 28 16]
[175 918 18 7]
[681 376 25 23]
[149 735 13 11]
[902 656 25 23]
[414 619 14 17]
[115 306 25 10]
[588 36 19 14]
[590 25 26 16]
[609 371 28 18]
[731 23 27 20]
[307 567 11 12]
[333 615 28 17]
[226 260 28 27]
[695 49 20 24]
[435 447 18 22]
[968 692 23 19]
[962 215 13 23]
[119 468 10 23]
[310 579 12 12]
[749 85 17 23]
[862 196 13 21]
[671 22 29 12]
[937 806 21 23]
[68 91 17 25]
[967 651 11 13]
[96 569 28 19]
[634 717 29 27]
[173 538 22 13]
[957 333 25 16]
[459 443 27 23]
[102 183 10 26]
[612 877 29 13]
[862 622 21 21]
[980 940 19 10]
[154 271 29 27]
[379 833 26 14]
[983 798 10 29]
[485 730 28 11]
[270 305 21 27]
[243 388 22 14]
[873 327 25 12]
[231 72 19 14]
[639 582 14 22]
[335 820 23 19]
[130 711 16 22]
[419 625 5 3]
[687 817 14 26]
[882 561 11 25]
[766 291 16 20]
[127 86 15 11]
[869 851 19 16]
[234 462 11 27]
[196 829 26 12]
[821 142 23 10]
[276 964 13 28]
[650 86 20 13]
[84 162 25 14]
[217 458 23 12]
[538 719 21 27]
[8 698 11 26]
[754 521 14 20]
[907 230 24 12]
[888 287 15 17]
[688 534 27 17]
[678 215 10 19]
[820 871 10 14]
[949 433 16 25]
[279 215 14 10]
[41 80 15 28]
[54 507 15 25]
[14 835 26 17]
[269 506 29 17]
[275 745 12 15]
[416 14 10 13]
[530 338 16 29]
[420 924 19 17]
[807 212 23 19]
[455 62 26 26]
[683 84 13 23]
[884 738 26 21]
[720 834 21 19]
[194 174 20 16]
[240 528 11 23]
[971 678 11 13]
[584 783 20 11]
[40 937 24 23]
[776 430 21 17]
[834 589 17 28]
[465 321 23 11]
[253 130 14 25]
[129 611 17 10]
[909 521 26 27]
[401 944 17 22]
[470 63 16 24]
[616 651 18 14]
[70 691 16 20]
[412 470 13 25]
[219 53 23 28]
[875 876 12 19]
[717 854 11 27]
[249 637 21 21]
[972 274 18 18]
[657 495 13 25]
[530 696 22 29]
[137 107 19 19]
[757 364 15 20]
[936 834 23 17]
[945 441 27 18]
[137 454 10 29]
[121 417 19 16]
[631 107 14 15]
[374 827 18 24]
[451 802 16 28]
[901 305 22 23]
[935 330 28 26]
[7 687 11 15]
[631 494 14 28]
[130 44 16 29]
[713 945 10 12]
[336 905 18 29]
[234 298 21 15]
[393 244 18 25]
[217 448 11 27]
[242 948 10 22]
[516 148 17 15]
[841 735 16 29]
[986 923 10 22]
[269 659 13 19]
[237 851 29 26]
[781 655 16 19]
[522 350 10 18]
[496 482 18 16]
[945 8 29 10]
[527 256 28 24]
[292 224 15 17]
[435 483 28 24]
[854 613 18 11]
[559 930 17 16]
[442 247 12 26]
[400 720 15 25]
[59 651 18 18]
[448 453 12 15]
[257 978 22 21]
[597 550 24 11]
[529 448 25 23]
[684 790 27 29]
[565 390 14 18]
[284 581 15 23]
[961 338 18 11]
[151 897 20 18]
[11 656 10 16]
[577 297 24 19]
[132 101 22 21]
[790 201 25 14]
[883 736 12 24]
[785 896 18 27]
[528 270 29 21]
[229 576 22 28]
[376 838 22 14]
[772 84 19 27]
[465 903 24 20]
[336 107 24 20]
[282 807 25 18]
[231 646 15 14]
[247 468 24 23]
[708 50 25 22]
[121 472 11 15]
[753 0 23 11]
[669 255 25 26]
[846 858 21 26]
[720 113 25 23]
[217 365 19 25]
[964 449 11 19]
[299 414 11 19]
[258 668 22 29]
[81 527 29 28]
[420 893 13 26]
[146 370 23 25]
[708 462 27 25]
[19 4 10 8]
[126 851 10 23]
[278 398 21 12]
[668 550 9 3]
[406 82 13 12]
[792 696 21 26]
[65 637 10 13]
[753 180 12 4]
[668 425 15 26]
[526 749 26 11]
[879 723 29 21]
[451 291 19 11]
[318 888 21 17]
[359 491 13 26]
[851 514 11 26]
[711 183 28 12]
[910 705 10 15]
[952 951 17 26]
[410 35 23 21]
[164 517 23 20]
[238 510 15 24]
[179 40 19 23]
[48 517 25 20]
[157 627 25 18]
[751 289 19 10]
[495 43 17 21]
[455 596 10 13]
[183 253 18 12]
[444 913 28 23]
[560 687 13 17]
[130 173 10 15]
[916 132 20 17]
[773 89 6 6]
[732 809 28 22]
[987 793 11 12]
[373 495 16 21]
[806 490 29 19]
[771 623 10 15]
[247 308 16 28]
[280 413 17 15]
[543 444 17 14]
[835 926 22 15]
[373 819 21 18]
[191 810 17 14]
[950 792 11 18]
[427 280 29 20]
[489 496 26 20]
[931 173 17 18]
[355 940 11 17]
[467 463 29 15]
[479 281 28 25]
[979 710 3 11]
[195 801 18 24]
[34 345 27 20]
[849 60 14 15]
[45 112 27 10]
[667 146 18 26]
[699 319 13 29]
[393 12 18 25]
[428 295 11 22]
[767 81 17 27]
[893 82 14 28]
[566 978 13 12]
[769 373 11 25]
[346 599 13 17]
[139 325 23 24]
[288 976 11 20]
[602 70 24 24]
[246 248 12 21]
[911 598 13 13]
[325 463 15 16]
[348 904 25 13]
[747 732 20 23]
[231 571 12 28]
[822 867 14 12]
[385 141 21 11]
[372 514 25 21]
[170 644 29 14]
[672 358 27 26]
[224 341 13 24]
[864 609 23 26]
[322 455 10 17]
[591 628 21 14]
[448 282 13 27]
[252 404 22 17]
[172 908 27 23]
[588 577 11 28]
[744 178 26 10]
[593 627 28 15]
[424 621 10 15]
[118 715 22 17]
[388 490 11 17]
[645 612 16 15]
[45 620 14 26]
[163 727 10 29]
[418 656 22 26]
[903 95 25 29]
[161 810 29 19]
[9 101 23 21]